172.5
177.5
177.5
177.5
177.5
177.5
180
180
180
180
180
180
180
180
180
180
180
182.5
182.5
182.5
182.5
182.5
182.5
182.5
182.5
182.5
182.5
182.5
182.5
182.5
182.5
182.5
182.5
182.5
185
185
185
185
185
185
185
185
185
185
185
185
185
185
185
187.5
187.5
187.5
187.5
187.5
187.5
187.5
187.5
187.5
187.5
187.5
187.5
187.5
187.5
187.5
187.5
187.5
187.5
187.5
187.5
187.5
187.5
187.5
187.5
187.5
187.5
187.5
187.5
187.5
187.5
187.5
187.5
187.5
190
190
190
190
190
190
190
190
190
190
190
190
190
190
190
190
190
190
190
190
190
190
190
190
190
190
190
190
190
192.5
192.5
192.5
192.5
192.5
192.5
192.5
192.5
192.5
192.5
192.5
192.5
192.5
192.5
192.5
192.5
192.5
192.5
192.5
192.5
192.5
192.5
192.5
192.5
192.5
192.5
192.5
192.5
195
195
195
195
195
195
195
195
195
195
195
195
195
195
195
195
195
195
195
195
195
195
195
195
195
195
195
195
195
195
195
195
195
195
195
195
197.5
197.5
197.5
197.5
197.5
197.5
197.5
197.5
197.5
197.5
197.5
197.5
197.5
197.5
197.5
197.5
197.5
197.5
197.5
197.5
197.5
197.5
197.5
197.5
197.5
197.5
197.5
197.5
197.5
197.5
197.5
197.5
197.5
197.5
197.5
197.5
197.5
197.5
197.5
197.5
197.5
200
200
200
200
200
200
200
200
200
200
200
200
200
200
200
200
200
200
200
200
200
200
200
200
200
200
200
200
200
200
200
200
200
200
200
200
200
202.5
202.5
202.5
202.5
202.5
202.5
202.5
202.5
202.5
202.5
202.5
202.5
202.5
202.5
202.5
202.5
202.5
202.5
202.5
202.5
202.5
202.5
202.5
202.5
202.5
202.5
202.5
202.5
202.5
202.5
202.5
202.5
202.5
202.5
202.5
202.5
202.5
202.5
202.5
202.5
202.5
202.5
202.5
202.5
202.5
202.5
202.5
202.5
202.5
202.5
202.5
202.5
202.5
202.5
202.5
202.5
202.5
202.5
202.5
205
205
205
205
205
205
205
205
205
205
205
205
205
205
205
205
205
205
205
205
205
205
205
205
205
205
205
205
205
205
205
205
205
205
205
205
205
205
205
205
205
207.5
207.5
207.5
207.5
207.5
207.5
207.5
207.5
207.5
207.5
207.5
207.5
207.5
207.5
207.5
207.5
207.5
207.5
207.5
207.5
207.5
207.5
207.5
207.5
207.5
207.5
207.5
207.5
207.5
207.5
207.5
207.5
207.5
207.5
207.5
210
210
210
210
210
210
210
210
210
210
210
210
210
210
210
210
210
210
210
210
210
210
210
212.5
212.5
212.5
212.5
212.5
212.5
212.5
212.5
215
215
222.5
